20
164 96
76 2 193 164
110 53
7 7 1 64417
97 39
34 37 656 97
1000000000 100000
1 1 1 1000000000
137 49
48 17 461 137
497151700 96511
9 7 6 999919625
28 21
6 5 1 85919
1000000000 100000
100000 1 0 1000000000
840698758 13331
8 7 10 999955808
198 81
8 5 7 83495
78 51
3 5 5 51230
22 21
1 4 869 22
249718282 93729
1 5 6 999917908
218492221 46085
3 7 1 999969453
177 73
7 7 5 56401
59 26
14 19 681 59
1000000000 100000
999999999 1 999999999 1000000000
220 88
1 8 3 58265
1000000000 1
12 7 74 12
82 81
58 56 739 82
